$ 1 1.488095238095238e-8 0.551975421667673 51 5 50 5e-11
v 304 320 304 240 0 0 400000 24 0 0 0.5
w 304 240 304 208 0
w 304 320 304 336 0
w 304 336 528 336 0
d 528 288 528 240 2 default
w 528 240 528 208 0
w 528 288 528 336 0
g 304 336 304 368 0 0
l 560 208 624 208 0 0.001 0.023441890572271168 0
w 528 208 560 208 0
c 672 288 672 240 0 0.000001 -13.867320880867188 0.001
w 672 240 672 208 0
w 672 208 624 208 0
w 672 288 672 336 0
w 672 336 528 336 0
r 880 272 880 336 0 500
w 672 336 752 336 0
403 528 32 656 96 0 8_2_0_4353_40_0.05_-1_2_8_3
f 416 256 416 208 41 1.5 0.02
w 304 208 400 208 0
R 416 256 416 288 0 2 2100000 10 14 0 0.6
368 752 208 752 144 0 0
w 432 208 528 208 0
403 336 96 464 160 0 22_2_0_4354_40_0.1_-1_3_22_3_18_3
368 304 208 256 176 0 0
c 560 432 608 432 0 1e-8 23.168466415335942 0.001
w 560 208 560 432 0
d 672 416 672 384 2 1N5711
w 672 384 672 336 0
w 608 432 672 432 0
w 672 432 672 416 0
d 720 432 672 432 2 1N5711
c 752 352 752 416 0 0.000001 15.209898717331301 0.001
w 752 416 752 432 0
w 752 432 720 432 0
w 752 352 752 336 0
403 1008 320 1136 384 0 34_4_0_4354_20_0.1_-1_2_34_3
w 752 336 832 336 0
w 752 432 832 432 0
w 880 272 880 208 0
w 880 208 752 208 0
d 672 208 752 208 2 1N5711
403 1008 208 1136 272 0 39_4_0_4354_20_0.1_-1_2_39_3
34 zener-15 1 1.7143528192810002e-7 0 2.0000000000000084 15 1
z 832 432 832 384 2 zener-15
368 832 432 832 512 0 0
w 832 336 880 336 0
r 880 352 880 432 0 1000
w 880 432 832 432 0
w 880 352 880 336 0
r 832 336 832 384 0 120
